9003333
9003116
6000345
9005294
8001155
6000183
6000001
6000327
6000091
6000114
6000257
6000173
6000302
0000631
6000036
6000284
6000205
6000346
6000059
6000239
6000084
0101434
9002090
6000355
3000148
9000029
6000135
0001677
6000336
6000202
0011003
6000186
0000643
5000175
3001421
0004028
6000049
9003135
1000413
0100164
6000254
6000329
6000229
6000096
0101060
0103468
6000166
1100016
6000130
6000306
9004520
3000759
6000169
8008545
9001184
6000244
1000875
0105003
6000248
6000137
1000731
6000322
6000097
6000238
6000153
2000025
0104808
6000017
6000313
6000281
5000129
6000351
3000119
6000211
6000052
0105146
5000162
6000270
6000213
6000293
6000050
2000031
6000067
6000039
5000183
6000160
6000278
6000164
6000289
0102403
6000122
2000042
6000088
6000085
6000150
6000106
6000233
9004427
1100017
5000197
6000075
4000066
3001230
5000149
2000001
6000296
5000144
2000044
6000227
5000126
6000020
6000179
2000030
8001974
2000035
0105064
1001184
6000354
6000220
9002827
6000013
3001555
6000286
6000142
6000098
6000011
6000259
6000129
6000249
0100477
5000265
6000333
0000072
1000105
5000016
5000130
9002474
6000105
6000159
5000201
6000155
6000283
6000250
0100935
6000144
6000023
5000203
6000320
5000257
0005079
1100011
9001300
3003448
6000203
2000043
6000304
6000018
9002021
0104552
1001944
6000133
6000007
6000353
9000002
5000181
6000107
9001619
6000309
6000341
1001252
6000340
6000012
6000209
1001685
5000172
0004294
6000319
6000338
1000882
6000217
3002340
3002020
6000190
6000310
3000716
5000195
3000072
5000196
6000028
0011116
1001195
6000342
6000033
6000328
6000141
6000125
3002411
5000124
6000175
9003301
0007545
3003322
6000143
6000269
5000165
9003585
8006160
3002594
0101488
0000047
9004383
6000004
6000035
0100628
6000334
9004368
6000030
0100030
1000947
6000095
0104194
6000201
5000133
1100013
5000191
5000198
6000076
2000023
0009212
6000145
6000126
6000161
9004353
5000226
4100066
3001751
6000255
6000242
0100740
6000174
6000194
6000337
6000212
0000087
6000117
9005011
0103740
6000182
6000303
5000150
6000157
2000012
9000127
6000134
5000147
6000311
9000003
9002972
6000321
6000072
6000326
9005245
0103344
9002004
6000148
5000204
6000315
5000176
6000279
6000260
6000231
6000295
6000089
6000276
6000275
0102170
6000054
6000285
0100091
0000176
6000069
9001991
6000163
6000016
6000191
9004060
8006302
6000197
6000079
6000043
6000268
6000235
6000124
4100246
2000022
6000066
1100002
5000264
6000068
2000019
0003178
6000349
6000100
1000580
1100015
6000108
6000099
6000140
9000989
6000301
3001018
9004070
9003250
3003328
1100009
0100851
3001976
6000055
0005633
5000190
6000344
9001001
6000051
6000223
5000120
0004774
6000024
8003836
9004879
6000113
6000352
6000121
0000382
6000060
3003731
6000062
5000166
1000288
6000040
5000199
8003952
6000093
6000332
0002755
5000125
6000264
3003791
6000118
6000115
9003378
6000200
6000297
5000173
6000138
3001319
5000188
9003836
6000221
0102435
6000071
6000005
0000952
0103420
6000294
6000034
3002221
9003423
6000061
6000188
6000038
0102566
6000021
0100579
0010950
6000064
1100006
2000036
6000185
6000198
6000047
1001770
6000316
0104019
5000168
9001317
0005074
6000267
8005616
6000325
8002274
1000993
8002764
0100822
6000002
0000697
6000314
3000676
6000147
9000288
1100025
6000158
3001336
0011073
9004766
1100014
0003793
0011033
6000280
6000065
6000053
0007323
6000256
2000032
9000933
0000759
4000086
6000111
9001034
0011154
0000059
0007932
6000243
6000219
6000057
6000119
0101463
6000308
6000277
6000156
6000041
3000323
1100008
6000139
6000154
0105159
0100061
6000195
0000051
6000253
6000103
3000454
0102436
6000290
0101801
9004066
0100787
6000348
0011088
6000025
1100004
3001767
6000266
6000246
6000044
0101492
6000247
3000945
9003234
8000811
2000003
6000082
9001713
6000237
3003356
9000875
4100280
9000210
1000097
6000189
6000347
5000205
6000323
6000120
3002905
0000794
6000000
2000004
0103256
6000317
6000196
9003635
0004069
3002059
1100031
6000070
8004573
6000291
9002861
6000199
8003131
6000009
9002577
6000176
0105305
6000305
3001131
0102534
3000076
6000312
6000045
6000087
9000001
5000127
3002909
6000192
6000056
0003423
5000234
9000747
0102234
0100241
5000119
2000041
6000151
9005273
6000171
6000081
9004971
5000122
6000178
9004965
3002082
6000015
6000109
1000615
5000182
6000236
5000128
1100001
0002395
9004581
0010830
6000078
6000006
5000163
6000162
6000225
3000469
6000287
3000299
0104958
6000083
0006575
6000193
6000271
9001071
1100027
6000208
9002114
6000077
6000094
6000228
6000251
0003957
6000010
8008998
6000132
1001875
6000136
9000395
3002366
6000343
6000214
6000335
9003339
0100113
5000192
2000037
6000101
6000282
6000042
6000008
